OCTAHEDRON

-89,67,87;-53,82,224 -53,82,224;34,7,137 34,7,137;-89,67,87 
34,7,137;76,138,187 76,138,187;-53,82,224 -53,82,224;34,7,137 
76,138,187;-47,198,137 -47,198,137;-53,82,224 -53,82,224;76,138,187 
-47,198,137;-89,67,87 -89,67,87;-53,82,224 -53,82,224;-47,198,137 
-89,67,87;41,123,50 41,123,50;34,7,137 34,7,137;-89,67,87 
34,7,137;41,123,50 41,123,50;76,138,187 76,138,187;34,7,137 
76,138,187;41,123,50 41,123,50;-47,198,137 -47,198,137;76,138,187 
-47,198,137;41,123,50 41,123,50;-89,67,87 -89,67,87;-47,198,137 
