ROTATIONSHAPE

0,0,0;-25,0,35 -25,0,35;0,0,44 0,0,44;0,0,0 0,0,0;0,0,0 
-25,0,35;-56,24,77 -56,24,77;0,24,96 0,24,96;0,0,44 0,0,44;-25,0,35 
-56,24,77;-75,78,104 -75,78,104;0,78,129 0,78,129;0,24,96 0,24,96;-56,24,77 
-75,78,104;-73,156,101 -73,156,101;0,156,125 0,156,125;0,78,129 0,78,129;-75,78,104 
-73,156,101;-48,213,66 -48,213,66;0,213,82 0,213,82;0,156,125 0,156,125;-73,156,101 
-48,213,66;-39,261,54 -39,261,54;0,261,67 0,261,67;0,213,82 0,213,82;-48,213,66 
-39,261,54;-54,313,74 -54,313,74;0,313,92 0,313,92;0,261,67 0,261,67;-39,261,54 
-54,313,74;0,316,0 0,316,0;0,316,-1 0,316,-1;0,313,92 0,313,92;-54,313,74 
0,316,0;-27,313,38 -27,313,38;0,313,47 0,313,47;0,316,-1 0,316,-1;0,316,0 
0,313,47;-27,313,38 
0,0,0;-41,0,13 -41,0,13;-25,0,35 -25,0,35;0,0,0 0,0,0;0,0,0 
-41,0,13;-91,24,29 -91,24,29;-56,24,77 -56,24,77;-25,0,35 -25,0,35;-41,0,13 
-91,24,29;-122,78,39 -122,78,39;-75,78,104 -75,78,104;-56,24,77 -56,24,77;-91,24,29 
-122,78,39;-118,156,38 -118,156,38;-73,156,101 -73,156,101;-75,78,104 -75,78,104;-122,78,39 
-118,156,38;-77,213,25 -77,213,25;-48,213,66 -48,213,66;-73,156,101 -73,156,101;-118,156,38 
-77,213,25;-63,261,20 -63,261,20;-39,261,54 -39,261,54;-48,213,66 -48,213,66;-77,213,25 
-63,261,20;-87,313,28 -87,313,28;-54,313,74 -54,313,74;-39,261,54 -39,261,54;-63,261,20 
-87,313,28;0,316,0 0,316,0;0,316,0 0,316,0;-54,313,74 -54,313,74;-87,313,28 
0,316,0;-44,313,14 -44,313,14;-27,313,38 -27,313,38;0,316,0 0,316,0;0,316,0 
-27,313,38;-44,313,14 
0,0,0;-41,0,-13 -41,0,-13;-41,0,13 -41,0,13;0,0,0 0,0,0;0,0,0 
-41,0,-13;-91,24,-29 -91,24,-29;-91,24,29 -91,24,29;-41,0,13 -41,0,13;-41,0,-13 
-91,24,-29;-122,78,-39 -122,78,-39;-122,78,39 -122,78,39;-91,24,29 -91,24,29;-91,24,-29 
-122,78,-39;-118,156,-38 -118,156,-38;-118,156,38 -118,156,38;-122,78,39 -122,78,39;-122,78,-39 
-118,156,-38;-77,213,-25 -77,213,-25;-77,213,25 -77,213,25;-118,156,38 -118,156,38;-118,156,-38 
-77,213,-25;-63,261,-20 -63,261,-20;-63,261,20 -63,261,20;-77,213,25 -77,213,25;-77,213,-25 
-63,261,-20;-87,313,-28 -87,313,-28;-87,313,28 -87,313,28;-63,261,20 -63,261,20;-63,261,-20 
-87,313,-28;0,316,0 0,316,0;0,316,0 0,316,0;-87,313,28 -87,313,28;-87,313,-28 
0,316,0;-44,313,-14 -44,313,-14;-44,313,14 -44,313,14;0,316,0 0,316,0;0,316,0 
-44,313,14;-44,313,-14 
0,0,0;-25,0,-35 -25,0,-35;-41,0,-13 -41,0,-13;0,0,0 0,0,0;0,0,0 
-25,0,-35;-56,24,-77 -56,24,-77;-91,24,-29 -91,24,-29;-41,0,-13 -41,0,-13;-25,0,-35 
-56,24,-77;-75,78,-104 -75,78,-104;-122,78,-39 -122,78,-39;-91,24,-29 -91,24,-29;-56,24,-77 
-75,78,-104;-73,156,-101 -73,156,-101;-118,156,-38 -118,156,-38;-122,78,-39 -122,78,-39;-75,78,-104 
-73,156,-101;-48,213,-66 -48,213,-66;-77,213,-25 -77,213,-25;-118,156,-38 -118,156,-38;-73,156,-101 
-48,213,-66;-39,261,-54 -39,261,-54;-63,261,-20 -63,261,-20;-77,213,-25 -77,213,-25;-48,213,-66 
-39,261,-54;-54,313,-74 -54,313,-74;-87,313,-28 -87,313,-28;-63,261,-20 -63,261,-20;-39,261,-54 
-54,313,-74;0,316,0 0,316,0;0,316,0 0,316,0;-87,313,-28 -87,313,-28;-54,313,-74 
0,316,0;-27,313,-38 -27,313,-38;-44,313,-14 -44,313,-14;0,316,0 0,316,0;0,316,0 
-44,313,-14;-27,313,-38 
0,0,0;0,0,-44 0,0,-44;-25,0,-35 -25,0,-35;0,0,0 0,0,0;0,0,0 
0,0,-44;0,24,-96 0,24,-96;-56,24,-77 -56,24,-77;-25,0,-35 -25,0,-35;0,0,-44 
0,24,-96;0,78,-129 0,78,-129;-75,78,-104 -75,78,-104;-56,24,-77 -56,24,-77;0,24,-96 
0,78,-129;0,156,-125 0,156,-125;-73,156,-101 -73,156,-101;-75,78,-104 -75,78,-104;0,78,-129 
0,156,-125;0,213,-82 0,213,-82;-48,213,-66 -48,213,-66;-73,156,-101 -73,156,-101;0,156,-125 
0,213,-82;0,261,-67 0,261,-67;-39,261,-54 -39,261,-54;-48,213,-66 -48,213,-66;0,213,-82 
0,261,-67;0,313,-92 0,313,-92;-54,313,-74 -54,313,-74;-39,261,-54 -39,261,-54;0,261,-67 
0,313,-92;0,316,1 0,316,1;0,316,0 0,316,0;-54,313,-74 -54,313,-74;0,313,-92 
0,316,1;0,313,-47 0,313,-47;-27,313,-38 -27,313,-38;0,316,0 0,316,0;0,316,1 
-27,313,-38;0,313,-47 
0,0,0;25,0,-35 25,0,-35;0,0,-44 0,0,-44;0,0,0 0,0,0;0,0,0 
25,0,-35;56,24,-77 56,24,-77;0,24,-96 0,24,-96;0,0,-44 0,0,-44;25,0,-35 
56,24,-77;75,78,-104 75,78,-104;0,78,-129 0,78,-129;0,24,-96 0,24,-96;56,24,-77 
75,78,-104;73,156,-101 73,156,-101;0,156,-125 0,156,-125;0,78,-129 0,78,-129;75,78,-104 
73,156,-101;48,213,-66 48,213,-66;0,213,-82 0,213,-82;0,156,-125 0,156,-125;73,156,-101 
48,213,-66;39,261,-54 39,261,-54;0,261,-67 0,261,-67;0,213,-82 0,213,-82;48,213,-66 
39,261,-54;54,313,-74 54,313,-74;0,313,-92 0,313,-92;0,261,-67 0,261,-67;39,261,-54 
54,313,-74;0,316,0 0,316,0;0,316,1 0,316,1;0,313,-92 0,313,-92;54,313,-74 
0,316,0;27,313,-38 27,313,-38;0,313,-47 0,313,-47;0,316,1 0,316,1;0,316,0 
0,313,-47;27,313,-38 
0,0,0;41,0,-13 41,0,-13;25,0,-35 25,0,-35;0,0,0 0,0,0;0,0,0 
41,0,-13;91,24,-29 91,24,-29;56,24,-77 56,24,-77;25,0,-35 25,0,-35;41,0,-13 
91,24,-29;122,78,-39 122,78,-39;75,78,-104 75,78,-104;56,24,-77 56,24,-77;91,24,-29 
122,78,-39;118,156,-38 118,156,-38;73,156,-101 73,156,-101;75,78,-104 75,78,-104;122,78,-39 
118,156,-38;77,213,-25 77,213,-25;48,213,-66 48,213,-66;73,156,-101 73,156,-101;118,156,-38 
77,213,-25;63,261,-20 63,261,-20;39,261,-54 39,261,-54;48,213,-66 48,213,-66;77,213,-25 
63,261,-20;87,313,-28 87,313,-28;54,313,-74 54,313,-74;39,261,-54 39,261,-54;63,261,-20 
87,313,-28;0,316,0 0,316,0;0,316,0 0,316,0;54,313,-74 54,313,-74;87,313,-28 
0,316,0;44,313,-14 44,313,-14;27,313,-38 27,313,-38;0,316,0 0,316,0;0,316,0 
27,313,-38;44,313,-14 
0,0,0;41,0,13 41,0,13;41,0,-13 41,0,-13;0,0,0 0,0,0;0,0,0 
41,0,13;91,24,29 91,24,29;91,24,-29 91,24,-29;41,0,-13 41,0,-13;41,0,13 
91,24,29;122,78,39 122,78,39;122,78,-39 122,78,-39;91,24,-29 91,24,-29;91,24,29 
122,78,39;118,156,38 118,156,38;118,156,-38 118,156,-38;122,78,-39 122,78,-39;122,78,39 
118,156,38;77,213,25 77,213,25;77,213,-25 77,213,-25;118,156,-38 118,156,-38;118,156,38 
77,213,25;63,261,20 63,261,20;63,261,-20 63,261,-20;77,213,-25 77,213,-25;77,213,25 
63,261,20;87,313,28 87,313,28;87,313,-28 87,313,-28;63,261,-20 63,261,-20;63,261,20 
87,313,28;0,316,0 0,316,0;0,316,0 0,316,0;87,313,-28 87,313,-28;87,313,28 
0,316,0;44,313,14 44,313,14;44,313,-14 44,313,-14;0,316,0 0,316,0;0,316,0 
44,313,-14;44,313,14 
0,0,0;25,0,35 25,0,35;41,0,13 41,0,13;0,0,0 0,0,0;0,0,0 
25,0,35;56,24,77 56,24,77;91,24,29 91,24,29;41,0,13 41,0,13;25,0,35 
56,24,77;75,78,104 75,78,104;122,78,39 122,78,39;91,24,29 91,24,29;56,24,77 
75,78,104;73,156,101 73,156,101;118,156,38 118,156,38;122,78,39 122,78,39;75,78,104 
73,156,101;48,213,66 48,213,66;77,213,25 77,213,25;118,156,38 118,156,38;73,156,101 
48,213,66;39,261,54 39,261,54;63,261,20 63,261,20;77,213,25 77,213,25;48,213,66 
39,261,54;54,313,74 54,313,74;87,313,28 87,313,28;63,261,20 63,261,20;39,261,54 
54,313,74;0,316,0 0,316,0;0,316,0 0,316,0;87,313,28 87,313,28;54,313,74 
0,316,0;27,313,38 27,313,38;44,313,14 44,313,14;0,316,0 0,316,0;0,316,0 
44,313,14;27,313,38 
0,0,0;0,0,44 0,0,44;25,0,35 25,0,35;0,0,0 0,0,0;0,0,0 
0,0,44;0,24,96 0,24,96;56,24,77 56,24,77;25,0,35 25,0,35;0,0,44 
0,24,96;0,78,129 0,78,129;75,78,104 75,78,104;56,24,77 56,24,77;0,24,96 
0,78,129;0,156,125 0,156,125;73,156,101 73,156,101;75,78,104 75,78,104;0,78,129 
0,156,125;0,213,82 0,213,82;48,213,66 48,213,66;73,156,101 73,156,101;0,156,125 
0,213,82;0,261,67 0,261,67;39,261,54 39,261,54;48,213,66 48,213,66;0,213,82 
0,261,67;0,313,92 0,313,92;54,313,74 54,313,74;39,261,54 39,261,54;0,261,67 
0,313,92;0,316,-1 0,316,-1;0,316,0 0,316,0;54,313,74 54,313,74;0,313,92 
0,316,-1;0,313,47 0,313,47;27,313,38 27,313,38;0,316,0 0,316,0;0,316,-1 
27,313,38;0,313,47 
0,0,0;-25,0,35 0,0,44;-56,24,77 0,24,96;-75,78,104 0,78,129;-73,156,101 0,156,125;-48,213,66 0,213,82;-39,261,54 0,261,67;-54,313,74 0,313,92;0,316,0 0,316,-1;-27,313,38 0,0,0;-41,0,13 -25,0,35;-91,24,29 -56,24,77;-122,78,39 -75,78,104;-118,156,38 -73,156,101;-77,213,25 -48,213,66;-63,261,20 -39,261,54;-87,313,28 -54,313,74;0,316,0 0,316,0;-44,313,14 0,0,0;-41,0,-13 -41,0,13;-91,24,-29 -91,24,29;-122,78,-39 -122,78,39;-118,156,-38 -118,156,38;-77,213,-25 -77,213,25;-63,261,-20 -63,261,20;-87,313,-28 -87,313,28;0,316,0 0,316,0;-44,313,-14 0,0,0;-25,0,-35 -41,0,-13;-56,24,-77 -91,24,-29;-75,78,-104 -122,78,-39;-73,156,-101 -118,156,-38;-48,213,-66 -77,213,-25;-39,261,-54 -63,261,-20;-54,313,-74 -87,313,-28;0,316,0 0,316,0;-27,313,-38 0,0,0;0,0,-44 -25,0,-35;0,24,-96 -56,24,-77;0,78,-129 -75,78,-104;0,156,-125 -73,156,-101;0,213,-82 -48,213,-66;0,261,-67 -39,261,-54;0,313,-92 -54,313,-74;0,316,1 0,316,0;0,313,-47 0,0,0;25,0,-35 0,0,-44;56,24,-77 0,24,-96;75,78,-104 0,78,-129;73,156,-101 0,156,-125;48,213,-66 0,213,-82;39,261,-54 0,261,-67;54,313,-74 0,313,-92;0,316,0 0,316,1;27,313,-38 0,0,0;41,0,-13 25,0,-35;91,24,-29 56,24,-77;122,78,-39 75,78,-104;118,156,-38 73,156,-101;77,213,-25 48,213,-66;63,261,-20 39,261,-54;87,313,-28 54,313,-74;0,316,0 0,316,0;44,313,-14 0,0,0;41,0,13 41,0,-13;91,24,29 91,24,-29;122,78,39 122,78,-39;118,156,38 118,156,-38;77,213,25 77,213,-25;63,261,20 63,261,-20;87,313,28 87,313,-28;0,316,0 0,316,0;44,313,14 0,0,0;25,0,35 41,0,13;56,24,77 91,24,29;75,78,104 122,78,39;73,156,101 118,156,38;48,213,66 77,213,25;39,261,54 63,261,20;54,313,74 87,313,28;0,316,0 0,316,0;27,313,38 0,0,0;0,0,44 25,0,35;0,24,96 56,24,77;0,78,129 75,78,104;0,156,125 73,156,101;0,213,82 48,213,66;0,261,67 39,261,54;0,313,92 54,313,74;0,316,-1 0,316,0;0,313,47 
0,0,44;0,0,0 0,24,96;-25,0,35 0,78,129;-56,24,77 0,156,125;-75,78,104 0,213,82;-73,156,101 0,261,67;-48,213,66 0,313,92;-39,261,54 0,316,-1;-54,313,74 0,313,47;0,316,0 -25,0,35;0,0,0 -56,24,77;-41,0,13 -75,78,104;-91,24,29 -73,156,101;-122,78,39 -48,213,66;-118,156,38 -39,261,54;-77,213,25 -54,313,74;-63,261,20 0,316,0;-87,313,28 -27,313,38;0,316,0 -41,0,13;0,0,0 -91,24,29;-41,0,-13 -122,78,39;-91,24,-29 -118,156,38;-122,78,-39 -77,213,25;-118,156,-38 -63,261,20;-77,213,-25 -87,313,28;-63,261,-20 0,316,0;-87,313,-28 -44,313,14;0,316,0 -41,0,-13;0,0,0 -91,24,-29;-25,0,-35 -122,78,-39;-56,24,-77 -118,156,-38;-75,78,-104 -77,213,-25;-73,156,-101 -63,261,-20;-48,213,-66 -87,313,-28;-39,261,-54 0,316,0;-54,313,-74 -44,313,-14;0,316,0 -25,0,-35;0,0,0 -56,24,-77;0,0,-44 -75,78,-104;0,24,-96 -73,156,-101;0,78,-129 -48,213,-66;0,156,-125 -39,261,-54;0,213,-82 -54,313,-74;0,261,-67 0,316,0;0,313,-92 -27,313,-38;0,316,1 0,0,-44;0,0,0 0,24,-96;25,0,-35 0,78,-129;56,24,-77 0,156,-125;75,78,-104 0,213,-82;73,156,-101 0,261,-67;48,213,-66 0,313,-92;39,261,-54 0,316,1;54,313,-74 0,313,-47;0,316,0 25,0,-35;0,0,0 56,24,-77;41,0,-13 75,78,-104;91,24,-29 73,156,-101;122,78,-39 48,213,-66;118,156,-38 39,261,-54;77,213,-25 54,313,-74;63,261,-20 0,316,0;87,313,-28 27,313,-38;0,316,0 41,0,-13;0,0,0 91,24,-29;41,0,13 122,78,-39;91,24,29 118,156,-38;122,78,39 77,213,-25;118,156,38 63,261,-20;77,213,25 87,313,-28;63,261,20 0,316,0;87,313,28 44,313,-14;0,316,0 41,0,13;0,0,0 91,24,29;25,0,35 122,78,39;56,24,77 118,156,38;75,78,104 77,213,25;73,156,101 63,261,20;48,213,66 87,313,28;39,261,54 0,316,0;54,313,74 44,313,14;0,316,0 25,0,35;0,0,0 56,24,77;0,0,44 75,78,104;0,24,96 73,156,101;0,78,129 48,213,66;0,156,125 39,261,54;0,213,82 54,313,74;0,261,67 0,316,0;0,313,92 27,313,38;0,316,-1 
